51
200
23
1 1 35 
2 2 36 
3 21 10 
4 43 21 
5 46 29 
6 27 35 
7 29 37 
8 58 20 
9 57 29 
10 58 33 
11 57 41 
12 68 49 
13 72 47 
14 73 47 
15 71 49 
16 75 51 
17 72 20 
18 76 20 
19 73 21 
20 77 23 
21 76 24 
22 84 25 
23 81 27 
24 63 18 
25 70 18 
26 66 19 
27 68 19 
28 65 20 
29 67 20 
30 63 21 
31 64 21 
32 67 22 
33 69 28 
34 68 30 
35 61 32 
36 65 32 
37 69 35 
38 71 28 
39 79 32 
40 35 23 
41 37 24 
42 38 22 
43 68 10 
44 65 52 
45 63 53 
46 75 7 
47 73 8 
48 75 12 
49 55 55 
50 60 55 
51 58 59 
