    1  2  3  4  5  6  7  8  9 10 11 12 13 14 
 1     4 10 10 11 10  9  7  8 11 12 12 12 11 
 2        6  6  7  6  5  6  7  9 11 11 11 13 
 3           1  1  2  2  4 11 10 12 14 15 19 
 4              1  2  2  5 12 11 13 15 16 20 
 5                 1  2  5 12 11 14 16 16 20 
 6                    1  4 11 10 13 15 15 19 
 7                       4 11 10 12 14 15 19 
 8                          7  6  9 11 11 15 
 9                             2  4  4  4  8 
 10                               2  4  5  9 
 11                                  2  3  6 
 12                                     1  4 
 13                                        4 
 14  

